100 1455
1 6
1 10
1 11
1 12
1 16
1 18
1 20
1 23
1 24
1 28
1 30
1 32
1 34
1 35
1 47
1 48
1 50
1 52
1 56
1 58
1 61
1 71
1 75
1 76
1 82
1 84
1 86
1 89
1 90
1 94
1 98
1 100
2 8
2 11
2 19
2 22
2 23
2 27
2 28
2 29
2 42
2 46
2 47
2 52
2 56
2 59
2 64
2 69
2 72
2 73
2 77
2 78
2 84
2 86
2 87
2 92
2 96
3 6
3 12
3 13
3 14
3 24
3 26
3 27
3 30
3 37
3 39
3 40
3 41
3 45
3 53
3 54
3 55
3 62
3 66
3 69
3 73
3 77
3 78
3 80
3 82
3 83
3 84
3 86
3 88
3 90
3 93
4 9
4 11
4 16
4 17
4 19
4 20
4 22
4 26
4 28
4 33
4 36
4 39
4 42
4 46
4 50
4 51
4 55
4 57
4 59
4 63
4 71
4 76
4 79
4 82
4 90
4 99
5 9
5 12
5 16
5 17
5 20
5 34
5 35
5 42
5 45
5 48
5 53
5 54
5 62
5 69
5 72
5 73
5 74
5 76
5 86
5 87
5 90
5 91
5 92
5 97
5 98
5 99
6 9
6 13
6 22
6 31
6 35
6 37
6 39
6 40
6 41
6 45
6 50
6 55
6 56
6 57
6 62
6 65
6 66
6 75
6 76
6 85
6 87
6 88
6 89
6 96
6 99
7 11
7 12
7 13
7 19
7 21
7 23
7 33
7 34
7 42
7 44
7 46
7 47
7 56
7 57
7 60
7 62
7 63
7 71
7 73
7 74
7 78
7 80
7 85
7 87
7 88
7 92
7 94
7 95
7 96
8 9
8 10
8 12
8 14
8 20
8 26
8 28
8 32
8 38
8 43
8 46
8 47
8 53
8 58
8 60
8 64
8 67
8 68
8 70
8 71
8 72
8 75
8 80
8 92
8 93
8 98
8 100
9 15
9 17
9 18
9 22
9 23
9 29
9 35
9 40
9 48
9 50
9 54
9 56
9 60
9 61
9 63
9 69
9 71
9 73
9 77
9 83
9 84
9 86
9 87
9 95
9 99
10 11
10 12
10 15
10 21
10 22
10 24
10 25
10 27
10 28
10 31
10 33
10 35
10 37
10 40
10 44
10 55
10 60
10 62
10 82
10 85
10 86
10 88
10 90
10 93
10 98
10 99
11 13
11 16
11 17
11 18
11 20
11 26
11 28
11 30
11 32
11 33
11 36
11 38
11 40
11 42
11 52
11 53
11 55
11 58
11 63
11 64
11 69
11 70
11 77
11 80
11 84
11 86
11 90
12 14
12 15
12 16
12 19
12 27
12 36
12 37
12 41
12 47
12 55
12 59
12 61
12 65
12 68
12 77
12 80
12 83
12 86
12 89
12 90
12 92
12 96
12 99
13 15
13 17
13 22
13 23
13 24
13 28
13 33
13 35
13 42
13 47
13 51
13 61
13 62
13 66
13 68
13 72
13 78
13 82
13 84
13 85
13 86
13 88
13 89
13 99
14 15
14 20
14 25
14 26
14 28
14 32
14 34
14 39
14 47
14 60
14 63
14 64
14 65
14 66
14 67
14 69
14 70
14 84
14 89
14 90
14 95
14 100
15 18
15 21
15 30
15 35
15 36
15 37
15 38
15 39
15 49
15 59
15 63
15 64
15 69
15 72
15 74
15 77
15 79
15 88
15 93
15 95
15 99
15 100
16 21
16 26
16 27
16 42
16 43
16 45
16 48
16 49
16 52
16 53
16 57
16 65
16 68
16 70
16 71
16 74
16 75
16 85
16 87
16 89
16 92
16 93
16 97
16 99
17 29
17 30
17 31
17 33
17 38
17 40
17 43
17 45
17 50
17 53
17 54
17 64
17 65
17 69
17 78
17 82
17 86
17 87
17 89
17 90
17 92
17 94
17 96
17 99
18 26
18 28
18 30
18 33
18 35
18 37
18 40
18 46
18 47
18 48
18 49
18 51
18 54
18 58
18 61
18 62
18 63
18 67
18 68
18 72
18 75
18 78
18 80
18 83
18 86
18 90
18 95
18 96
19 22
19 24
19 27
19 29
19 33
19 39
19 42
19 43
19 45
19 49
19 50
19 52
19 55
19 58
19 59
19 60
19 63
19 65
19 68
19 75
19 79
19 81
19 84
19 85
19 88
19 92
20 34
20 35
20 36
20 41
20 43
20 48
20 50
20 54
20 55
20 60
20 61
20 62
20 74
20 75
20 76
20 79
20 83
20 84
20 86
20 90
20 94
20 100
21 25
21 27
21 28
21 29
21 30
21 37
21 41
21 46
21 52
21 53
21 62
21 64
21 66
21 67
21 70
21 71
21 72
21 73
21 80
21 84
21 87
21 89
21 91
21 92
21 98
21 99
21 100
22 25
22 26
22 32
22 35
22 42
22 43
22 44
22 45
22 49
22 53
22 56
22 60
22 61
22 62
22 63
22 65
22 67
22 68
22 73
22 77
22 85
22 87
22 91
22 93
22 95
22 96
22 97
23 25
23 27
23 29
23 30
23 31
23 32
23 33
23 35
23 36
23 44
23 45
23 46
23 53
23 55
23 60
23 64
23 65
23 75
23 77
23 79
23 86
23 88
23 95
23 96
23 97
23 99
24 28
24 30
24 31
24 33
24 37
24 38
24 41
24 49
24 50
24 55
24 62
24 67
24 68
24 69
24 72
24 81
24 88
24 94
24 97
24 99
24 100
25 27
25 32
25 37
25 39
25 51
25 52
25 53
25 55
25 59
25 60
25 62
25 69
25 75
25 85
25 88
25 98
26 38
26 39
26 42
26 45
26 46
26 47
26 49
26 51
26 58
26 62
26 64
26 68
26 69
26 75
26 76
26 80
26 82
26 86
26 93
26 94
26 99
26 100
27 28
27 34
27 45
27 49
27 51
27 56
27 59
27 60
27 61
27 62
27 69
27 71
27 76
27 84
27 85
27 88
27 89
27 93
27 95
27 97
27 100
28 32
28 33
28 42
28 45
28 48
28 50
28 57
28 63
28 70
28 73
28 74
28 77
28 80
28 81
28 84
28 100
29 30
29 34
29 35
29 39
29 43
29 46
29 54
29 55
29 61
29 63
29 74
29 81
29 82
29 87
29 89
29 91
29 94
29 98
29 99
30 31
30 32
30 35
30 36
30 39
30 40
30 43
30 44
30 45
30 46
30 48
30 52
30 53
30 54
30 56
30 60
30 61
30 66
30 69
30 71
30 73
30 76
30 82
30 87
30 90
30 98
31 35
31 38
31 40
31 45
31 50
31 53
31 54
31 61
31 66
31 67
31 74
31 77
31 81
31 83
31 86
31 87
31 90
31 94
31 96
31 98
31 99
32 33
32 34
32 36
32 46
32 48
32 53
32 55
32 57
32 61
32 64
32 65
32 67
32 72
32 73
32 75
32 78
32 82
32 84
32 91
32 95
32 97
32 98
33 39
33 41
33 44
33 55
33 58
33 62
33 63
33 64
33 66
33 67
33 75
33 78
33 79
33 86
33 89
33 90
33 91
33 92
33 94
33 96
33 97
34 40
34 43
34 44
34 45
34 47
34 49
34 50
34 51
34 52
34 57
34 62
34 63
34 66
34 72
34 95
34 98
34 99
34 100
35 37
35 49
35 51
35 52
35 53
35 54
35 56
35 58
35 62
35 73
35 77
35 82
35 83
35 88
35 91
35 92
35 94
35 95
35 99
36 41
36 46
36 54
36 59
36 60
36 62
36 68
36 70
36 74
36 76
36 78
36 83
36 84
36 85
36 91
36 94
36 95
36 97
36 98
36 100
37 39
37 45
37 56
37 62
37 63
37 65
37 66
37 67
37 68
37 72
37 76
37 81
37 87
37 88
37 92
37 93
37 98
38 39
38 46
38 47
38 50
38 52
38 56
38 58
38 59
38 61
38 63
38 66
38 69
38 71
38 74
38 77
38 83
38 84
38 88
38 92
38 94
38 95
38 96
38 100
39 46
39 47
39 48
39 51
39 52
39 53
39 54
39 59
39 60
39 61
39 63
39 67
39 70
39 73
39 74
39 78
39 82
39 89
40 43
40 44
40 50
40 51
40 53
40 54
40 55
40 57
40 62
40 66
40 69
40 70
40 76
40 77
40 84
40 88
40 90
40 97
40 98
40 99
41 45
41 49
41 54
41 63
41 68
41 69
41 73
41 78
41 79
41 85
41 87
41 89
41 95
41 96
41 97
41 99
42 45
42 49
42 50
42 54
42 56
42 57
42 58
42 59
42 60
42 63
42 64
42 65
42 68
42 73
42 79
42 80
42 82
42 83
42 84
42 87
42 90
42 92
42 99
42 100
43 48
43 50
43 54
43 55
43 60
43 61
43 62
43 63
43 68
43 71
43 72
43 73
43 74
43 76
43 77
43 79
43 85
43 86
43 93
43 95
43 97
43 100
44 48
44 49
44 59
44 63
44 64
44 65
44 68
44 70
44 72
44 76
44 77
44 82
44 86
44 88
44 89
44 96
45 46
45 48
45 51
45 52
45 54
45 55
45 58
45 59
45 62
45 63
45 64
45 69
45 73
45 86
45 90
45 91
45 94
46 48
46 53
46 58
46 59
46 61
46 64
46 66
46 73
46 77
46 82
46 84
46 85
46 90
46 95
46 97
47 49
47 54
47 55
47 57
47 60
47 61
47 72
47 74
47 75
47 76
47 80
47 84
47 87
47 93
47 96
48 51
48 60
48 66
48 70
48 74
48 76
48 77
48 79
48 80
48 83
48 97
48 100
49 50
49 54
49 58
49 61
49 64
49 65
49 73
49 75
49 79
49 82
49 87
49 91
49 94
49 99
50 54
50 56
50 57
50 58
50 59
50 61
50 63
50 70
50 74
50 75
50 80
50 81
50 82
50 86
50 88
50 96
51 55
51 56
51 57
51 64
51 68
51 75
51 80
51 81
51 85
51 88
51 90
51 91
51 94
51 98
51 100
52 53
52 54
52 55
52 65
52 66
52 72
52 77
52 80
52 81
52 83
52 84
52 88
52 90
52 95
52 96
53 58
53 59
53 61
53 63
53 64
53 65
53 68
53 71
53 72
53 73
53 74
53 78
53 90
53 95
53 97
53 98
54 57
54 59
54 60
54 62
54 66
54 68
54 75
54 76
54 83
54 85
54 96
54 99
55 57
55 60
55 62
55 64
55 65
55 67
55 69
55 73
55 74
55 78
55 79
55 88
55 91
55 99
56 65
56 76
56 78
56 81
56 82
56 88
56 91
56 96
56 97
56 100
57 60
57 61
57 62
57 68
57 70
57 73
57 74
57 90
57 98
58 60
58 61
58 62
58 69
58 74
58 75
58 76
58 77
58 78
58 86
58 89
58 90
58 94
58 97
59 73
59 74
59 78
59 79
59 82
59 83
59 84
59 85
59 88
59 90
59 96
59 100
60 70
60 74
60 78
60 79
60 88
60 89
60 95
60 100
61 62
61 63
61 64
61 74
61 76
61 79
61 83
61 84
61 90
61 93
61 95
61 98
61 99
61 100
62 65
62 66
62 67
62 68
62 69
62 72
62 73
62 75
62 76
62 77
62 81
62 82
62 84
62 85
62 89
62 90
62 98
62 99
63 64
63 67
63 72
63 77
63 81
63 82
63 83
63 88
63 90
63 92
63 95
63 99
64 67
64 80
64 82
64 84
64 93
64 94
64 97
65 78
65 80
65 82
65 89
65 90
65 94
65 96
65 97
66 68
66 72
66 75
66 77
66 83
67 69
67 78
67 80
67 81
67 82
67 83
67 87
67 88
67 91
67 93
67 95
67 96
67 98
68 72
68 79
68 80
68 82
68 91
68 97
68 98
68 100
69 70
69 71
69 74
69 76
69 77
69 79
69 82
69 88
69 92
69 95
69 100
70 73
70 78
70 84
70 86
70 90
70 93
70 94
70 96
70 97
71 75
71 85
72 75
72 76
72 78
72 79
72 82
72 83
72 88
72 89
72 95
72 97
73 75
73 81
73 83
73 86
73 88
73 95
73 96
73 98
73 99
74 75
74 76
74 79
75 82
75 84
75 86
75 92
75 96
75 98
76 77
76 79
76 86
76 87
76 88
76 98
76 100
77 80
77 81
77 82
77 87
77 90
77 94
78 80
78 81
78 90
78 91
78 94
78 95
78 97
78 98
78 100
79 87
79 93
79 96
79 98
79 99
80 81
80 82
80 96
80 100
81 82
81 86
82 83
82 84
82 85
82 87
82 92
82 94
82 98
83 85
83 89
83 91
83 93
83 94
83 100
84 85
84 88
84 89
84 91
84 98
84 100
85 87
85 88
85 89
85 94
85 95
85 96
85 98
86 87
86 88
86 89
86 90
86 96
86 98
86 99
86 100
87 94
87 96
87 97
87 99
88 92
88 96
89 92
89 93
90 92
90 96
90 97
90 100
91 99
92 94
92 97
92 98
92 100
93 95
93 96
93 98
93 99
94 97
94 98
94 99
94 100
95 96
97 98
98 99
