44 50 1036
11011111110111010010011110111111111111111111111100
11111011100011111111111111001111111011111111111111
10111111111111111111111111111110111110111101111101
11111110111110111111101111101111111111110111101011
01111111111110001111111111110111111100111011111111
00101111011111111011101111111111111110110111101111
11011111011011111011111111110111110101111110111110
01111011111111101110111111010111111110111111011101
01101111111111110011111101110101111110101111111111
11011000111101111111011101111110110111011010100111
11111111111111111101111011110011111110101101011101
11111111110111111011111101011111011111111110100110
10111111111101001101111111011111101111001111101111
11011011101111111110111110111111111101111101011101
01011111111111111111111111011111011111110011010111
10111111111111101111111111111111011111110111110110
11100111111011001101111111111111111011011111110111
11111111101110011111111111111111111011111111111011
11100111011111111101111110011111111111111110111111
11101111011011111011111111111100111111001110101101
11110111011011111111011110011111111111111111011101
11111101101111111101111111101111111111101111111111
10101011110011111110011100011111011011110001100111
11001111111110001110111111011111111110110111011111
11101110111101111101011101110011111011011101111111
11000001101111111111111111011101111111110111111111
11111101011110111110110110101101111011111111110111
10111111101111111011111111111110111110101111010010
11111111100101111111110011110101001111101111110110
11111110111011010000111111110111110111111101111111
01111011111111101111010111111110111111111101011111
11111111111111111111101101110111111100011000111111
11111101010111011111111111111101111110100111111111
11101000110110111111101111011111111111110111101011
11101111011111110111011011111000010111111000111110
11001111111101001111110001111011111111011111111111
11111011111101110111111111111111111111111111101111
01101111011111111101111111011111111111111011110111
00111111111011011111111111111111110010111101101111
11101011101110111111000100110101011010111111111111
10111111111110111111111111101011111110011111111100
11111110111101100110111111011111110100111111111111
11100101011110010101111111111110110011111011110101
11110011110101011111111111111111100111111111110111
