47 50 448
11011111101110111101011111001011010111111111111111
11111111111010111111111111110111111111011111111010
11100111111111111101111111111111011111111111110111
10111111111111111101101111111101111111111111111111
11111111111110110111111111110001111011101101111111
01110111011111101001111111111111111111110111110011
11110111101111011111111111111111111111111101111111
11111011011111111010111111110101101101111111111111
11111110111111111010111011111111111110111111111110
11111111101011011111110111110111111111111010101111
11111111110111101110111111111111111011111110101111
11111110111111111111110111111011111111110111111111
11111111111111001100111111111111111111111111110111
11101111111111111111100111110111111111011011111011
10111110111111101011110111101110011110111101110001
11011110110111111011111111111111001001101111110101
11111111011111111111111111011001111111111101111111
11111111101111111111111111111111111111111111001101
11100111111111111101011111111111011111111011111111
11111111111111111110110111110111111111111111101011
11110111110111100111111111111111111111111111111101
11111110111111110111111110110111100110110111011111
00111111111111010010011101111111111111100011011111
11111111111010111110111011111111001111111111101101
11101111110111111011011111111111111111101111110011
11111110111111111111111111111110101111111110110011
11111111111111011011111011110111101011110111111110
01111111011011111111111111111110111111111111111101
01111111101011111111110110111111111111111111001111
11111111111101011110111111111111110100011111001111
00011101111111111111111111111110011111111011111101
11101111111111111110110111111101111111101111011111
11111010111011010111011111011110111111011111111111
11111111111111111111110111111111111111111111111100
11111111111111101001101111110111110101111101110110
11111111111111111111111110111111111111111011111101
11111111110110111111111110111111111110011111011011
11111111111101111110011111111101111111001101111111
11111111111111111111111101011110101110111001111110
11111111111111111110111111101111111011110111111111
11111111011011111110110111011101101011010111111111
11111111111110111101111101111110111010111111110111
11111011110111111011111011111011111011110011000101
11111111111111111101111101111111111111111111111111
11110101110111111110101111111101110100101101011011
11011111111011111111111111111110111111110111011111
11110111111110111110111101110111101111111111101111
