46 46 684
0000000011010001000000000001000000000011000001
0000001000000000011000000100110000000011001000
0110000001000000000001000010010000011000000000
0000000010011000000000000000010000000001000000
0000101000001000010001001000000000000000110000
0000000100001100101001000000001000001000000000
0000001010000000001000000100000000000100110000
0000000000000000010000000000000000101100010000
0000000000001000000000000000000000000001010000
0100011000110000000000001000010000000000000000
0000000010000000100000000000000000000000000000
0000111001001110000000000100101000000000000001
0000000010000000000000000010001000000010000000
0101010000000000100000000100000000000000000000
0001000001000000000000000000010001010010100000
1000000000000000000001000000000000000000000001
0000000010100101000010000001000010000000000100
0001010000100000000001001000000000000010001000
0000000000000000000010000000000000000000000000
0000100000000001100010000000010000000000000000
0000000000000000000010000000100000101000011000
0000000011000000010001000010100000000000000000
0001001000010000000000100000100000100000000101
0000000000000000000010000001000000000000000000
0100000000000100000000000000000000100000000000
0000000100000000000000000100000000001000000000
0000001110000100100000000000000000001000000000
0000000100000100001000001000010000000000000000
0000000000011010000001000000000000001000001010
0000000001000100000000000100001001000010010101
0011000000000100100111000000000000000100110010
1010000000000100010000000000000010100110000001
0000000010000000100000000000000000011000000000
0000000100001000000000100100011000100100000000
0000000000000000000000100100000000000000100000
1010100011000100000000000000000000100000000000
0000000000000000000000000000100100000010100000
0110000000000100000000101000000010000000000000
0100000110011000000000101010000011010000000000
0010000001000001001000000000000000000010001000
0000000000000000010010000000100001100010000000
0000000100001100000000000000001000000000000000
0000000000000010000000010010100000000010010000
0000000000001001100000000000000100000001000001
0100001110100000000000000001010010001000000000
0000010000000001000100010000000000010000000010
