50 47 336
00000010001101100011000101011000100010111110000
00100010001100000101001100011011100001100001000
00000100011000001100010000000001000001010000000
00000000110000010011011111000011100000100111011
10100100110110010100100000100000011100010001000
00000110001010000010000000110010101000100010001
10110000100001100111100101010001010001000111001
00101010110000000110100000010110110000000010001
10000000100010000011000001000010101001001000000
00000000000000100010010100000001101010000001100
11000000000011100011100010000100011000000000101
01010100001000000100010100000011001010100000010
00000000010101000001001000000000010000001100100
01000000001000000000000001010110101010100101000
00000100001010000001000001000101000000010001000
00000011000000010000000001010000100000110100010
00100101111001010000111000000011000000000010100
00100000100000100010000100010001010100001001010
11110000011011011001000110100010001111000011100
00001000000000101000001111000100000000000000100
01101000000111011001000100100000000011000101000
00001010000000000001010110000101000000001001000
10010000001010100000100000100100010000011001001
10010000000000100000000010011000011010010100010
00101000001000000001010001110100010100000011011
01001110001001100000000100011111000000000100010
11000000000010000100001010000101100000010000000
01001000011010000001001010000010011001001110000
00010001100110111000001011110100110000010111001
01001010101001000000001010000000001000000101000
10001000100000010001010000110000001000000101010
00001000100000010100000100010000010000000100001
11010011000101000000100000010100100100000000000
01000100111010000000000011010100001001100000001
00110100010001010011000010011101100000000101000
01011000000000000010000000000000000011100001011
10101000000001000100000001010100001011100001000
11010100110100000010001000100010100110001001100
11000111100001100000000000100001000010001000110
00101010100000000110000110001100100000000001100
00100000000100000011001000000000001000000000001
00000011100001010000000100000100001111100000010
10000000000000000111000100000110010100000000000
10000100110101100101001011000100010101010100000
00001000000001000010010011011010001100001010001
01101010101100110101001001100110000001000010100
00101000000000000000000011101100000000010110000
10000101110001000010100000000001001000010100000
00000110000111000001011100010000010010001011000
10101001001010001010001110110000000000110110100
