47 34 806
1110101111111111111011110111111111
1111100111111011101111111101111100
1111011111111111110011111111001111
0111010011111111111101111111111111
1111111111111111001111111111110111
1111111111011111111111101111001111
1111110011110111011110111111011101
1101111111101101111111011101110110
0111001111111111111111111111110110
1111111101111011111101111111111111
1111111111111101111101111111101110
1011111111111111110111111011101111
1110111111111011111111110101101111
1011011111111111111101111011111111
1010111011011111011011111011111111
1101111111111111010111011111110110
1111111111110111111111111111111111
1111111111011111111111111111011111
1111101111111011101100111101011110
1110110111001110011111111111111110
1111111111001011111011111011101111
0110111001111011010001111111010111
1111100111111111010010111110001111
1110111011111101101110111101111111
0111011111111111011110111010111011
1111011101101110111111111111101111
1111110101111111110111101011111011
1100101111111011111001111110100001
1111011111101001111111111101111111
1111110111111110101110110011111010
1111111101111111001101011001100111
1101111110111110011111111111111111
1111111101100011111111111101111110
1100111101111111111110111111111111
1110011100101110110111111111111110
1111111011101111111111111111111101
0111111111111111111111111111111110
1110101111111101111111111111011111
1100011011110111111101111111101110
1110110111111011111011101111111101
1011111111111011111111111111111101
1111111111111110010111100111111111
1101111111111111111011111111110101
1110111111111111111100110111101111
1011111011110111111111110111101111
1111100101111101110010100011110111
1111111111011111111110101101111111
