45 50 89
00000000000000000000001001110010000100001000111001
10000100100000101000000000000001100010001100001010
00000011000000000111000010001000000000000010001001
00011000000001000100100000000001000000000000010000
10010001010000000000100110001110000000000000100001
00000000100000001000001000000000000010010000001000
00000000000001000000000001100001100010000000000110
01110100000000000100000010000000000000010000010001
00000001100000000000000001100001000000000010000101
10000000000000000100000000011000101000000100010101
10100000000001010000001100000010000010110111100000
10000000000000110001100100000010000001100000000010
01000000101010100100000000100001000000100001000001
01000010000001111010001100000001000000000000000100
10010000000011001010000000000000001000110000000000
01100000110000001010000000000010010000110000100101
10011001110110000000000000000000000001000000001100
10010000010010011100100000000100001000001100010001
00001000100001000000000000000000110000100000010010
00010000000011000100001001000001000000100000000000
01000000010000000001010000000100001010001010001001
01100000000000000010001001100101000001000010000101
00000000000000010110011010000000000010100000000000
01010001000010010010110001000000000000001011010001
10000011000000000110000100000010100000000010000010
01000010000111100000000100000100000000001000011000
01010010100001010100000001100001010110000000001100
00010100000000010010000100000011010101000000100000
01000000001000100000000000000010000101001000000000
00010100000001000100010000000100111000010000000000
00011000000000000000000101000000010010010000100000
00100100000000010000010000000000000010000011001101
00000110000000000000001010000001100101000101000010
00000000000010001000000001001100000010001010000000
00001000010000100110010110000001010000000101000000
10000000001010001010010001000101000011100010001000
10000100101000100000000000100000000000100001010100
00000000001001000000001000001010000001000001100100
01000001000000000000110000110000100101010000100000
01100100100000100001101000001100000000001101100000
01000000010000000000000110001110100000000001000000
10000000010000100000000001011000000110000000111110
00011000000000000000000000000001000001000000000010
00000010000000000110001000000000001001100000001011
00001000000001010000000110000000010000010100000000
